// import 'package:chart_play_ground/line_chart/subscriber_chart.dart';
import 'package:csv/csv.dart';
import 'package:flutter/material.dart';

// import '../line_chart/subscriber_series.dart';

class HomePage extends StatelessWidget {
  HomePage({Key? key}) : super(key: key);

  // final List<SubscriberSeries> data = [
  //   SubscriberSeries(0, 5),
  //   SubscriberSeries(1, 25),
  //   SubscriberSeries(2, 100),
  //   SubscriberSeries(3, 75),
  // ];

  @override
  Widget build(BuildContext context) {
    final res = const CsvToListConverter().convert("""
Date,Abap,Ada,C/C++,C#,Cobol,Dart,Delphi/Pascal,Go,Groovy,Haskell,Java,JavaScript,Julia,Kotlin,Lua,Matlab,Objective-C,Perl,PHP,Python,R,Ruby,Rust,Scala,Swift,TypeScript,VBA,Visual Basic\r\n
2004,0.36,0.37,9.56,5.2299999999999995,0.53,0,2.77,0,0.09,0.22,29.759999999999998,8.55,0,0,0.21,2.1399999999999997,0.21,7.049999999999999,19.73,2.71,0.4,0.42,0.13,0.04,0,0,1.46,8.08\r\n
2005,0.38999999999999996,0.27999999999999997,8.38,6.54,0.48,0,2.45,0,0.08,0.27,29.880000000000003,8.129999999999999,0,0,0.32,2.36,0.11,6.569999999999999,19.35,3.8899999999999997,0.53,1.24,0.16,0.01,0,0,1.66,6.92\r\n
2006,0.4,0.27999999999999997,8.19,7.07,0.4,0,1.96,0,0.06999999999999999,0.33999999999999997,30.06,8.37,0,0,0.47000000000000003,2.29,0.13999999999999999,5.4,19.950000000000003,3.9800000000000004,0.5700000000000001,2.37,0.09,0.02,0,0.01,1.71,5.8500000000000005\r\n
2007,0.41000000000000003,0.22999999999999998,8.1,7.01,0.4,0,1.7399999999999998,0,0.18,0.32,30.54,8.38,0,0,0.4,2.33,0.12,4.78,19.650000000000002,4.66,0.8099999999999999,2.82,0.06999999999999999,0.09,0,0,1.69,5.27\r\n
2008,0.43,0.25,8.540000000000001,7.89,0.41000000000000003,0,1.7500000000000002,0,0.26,0.3,28.799999999999997,7.79,0,0,0.42,2.78,0.16,4.22,19.220000000000002,5.94,0.91,2.71,0.08,0.13,0,0,1.69,5.319999999999999\r\n
2009,0.49,0.18,10.299999999999999,6.6000000000000005,0.45999999999999996,0,1.41,0,0.3,0.29,27.800000000000004,7.470000000000001,0,0,0.45999999999999996,3.1199999999999997,0.16999999999999998,3.8600000000000003,18.66,6.800000000000001,1.0699999999999998,2.56,0.08,0.21,0,0,2.29,5.41\r\n
2010,0.59,0.21,12.049999999999999,6.59,0.54,0,1.24,0.03,0.32,0.3,28.389999999999997,6.79,0,0,0.48,3.45,0.98,3,16.45,6.58,1.3299999999999998,2.65,0.09,0.24,0,0,2.4899999999999998,5.21\r\n
2011,0.61,0.25,12.47,6.18,0.4,0.12,0.88,0.03,0.33999999999999997,0.27,28.03,7.249999999999999,0,0,0.47000000000000003,2.98,3,2.32,15.879999999999999,7.739999999999999,1.4500000000000002,2.46,0.06,0.33,0,0,2.16,4.33\r\n
2012,0.69,0.25,8.68,9.58,0.32,0.11,0.83,0.09,0.4,0.29,26.85,7.1,0.13999999999999999,0.01,0.6799999999999999,3.0700000000000003,4.91,2.11,14.499999999999998,8.44,1.8800000000000001,2.77,0.1,0.41000000000000003,0,0.03,2.07,3.6799999999999997\r\n
2013,0.62,0.27999999999999997,8.110000000000001,9.78,0.32,0.12,0.66,0.12,0.41000000000000003,0.31,26.47,7.340000000000001,0.15,0,0.6,3.01,6.36,1.76,13.36,9.82,2.12,2.69,0.09,0.62,0,0.1,1.6400000000000001,3.1300000000000003\r\n
2014,0.58,0.31,8.07,9.33,0.31,0.13999999999999999,0.6,0.2,0.44999999999999996,0.31,25.900000000000002,7.359999999999999,0.16999999999999998,0,0.51,2.98,6.34,1.41,12.09,10.58,2.5100000000000002,2.56,0.18,0.73,2.32,0.1,1.54,2.45\r\n
2015,0.5700000000000001,0.32,7.779999999999999,9.13,0.33,0.12,0.44999999999999996,0.27,0.44999999999999996,0.32,25.369999999999997,7.5,0.16999999999999998,0,0.52,2.83,5.56,1.28,11.33,11.940000000000001,3.02,2.58,0.21,0.96,3.1300000000000003,0.25,1.6099999999999999,1.9900000000000002\r\n
2016,0.48,0.47000000000000003,7.670000000000001,8.73,0.31,0.13,0.38,0.45999999999999996,0.42,0.32,23.29,8,0.2,0.12,0.51,2.71,5.1499999999999995,0.8500000000000001,10.209999999999999,14.979999999999999,3.55,2.1999999999999997,0.33,1.09,3.54,0.86,1.44,1.6099999999999999\r\n
2017,0.54,0.41000000000000003,6.619999999999999,7.8100000000000005,0.38999999999999996,0.12,0.35000000000000003,0.69,0.48,0.35000000000000003,22.16,8.290000000000001,0.26,0.8200000000000001,0.41000000000000003,2.2800000000000002,4.02,0.8099999999999999,8.36,19.7,4.17,1.82,0.38999999999999996,1.27,3.32,1.39,1.49,1.27\r\n
2018,0.5499999999999999,0.33,6.25,7.51,0.3,0.2,0.25,0.98,0.52,0.27999999999999997,21.2,8.17,0.25,1.0999999999999999,0.38999999999999996,1.9900000000000002,3.17,0.6799999999999999,7.24,24.75,3.9899999999999998,1.54,0.38,1.2,2.62,1.5699999999999998,1.43,1.1400000000000001\r\n
2019,0.5,0.33999999999999997,6.02,7.290000000000001,0.32,0.38,0.22999999999999998,1.26,0.44999999999999996,0.29,18.94,8.01,0.27,1.6400000000000001,0.32,1.81,2.58,0.53,6.17,29.12,3.74,1.39,0.65,1.0699999999999998,2.46,1.8599999999999999,1.37,0.97\r\n
2020,0.44999999999999996,0.65,6.18,6.5,0.35000000000000003,0.5700000000000001,0.26,1.29,0.36,0.25,16.55,8.58,0.36,1.6500000000000001,0.62,1.7999999999999998,3.62,0.45999999999999996,6.0600000000000005,30.680000000000003,3.83,1.1199999999999999,1.09,0.73,2.1999999999999997,1.87,1.18,0.73\r\n
2021,0.7000000000000001,0.67,7.01,7.26,0.33,0.65,0,1.35,0.49,0.33,17.82,9.1,0.36,1.77,0.41000000000000003,1.6,2.16,0.36,6.239999999999999,29.599999999999998,4.109999999999999,1.03,0.84,0.5499999999999999,1.6400000000000001,1.66,1.25,0.7100000000000001\r\n
    """);
    print(res[1]);
    return Scaffold(
      body: Center(child: Text('hello')),
    );
  }
}
